0 0 0 0.145142
0 0 1 0.133389
0 0 2 0.137835
0 0 3 0.0997148
0 0 4 0.0959089
0 0 5 0.0823903
0 0 6 0.143924
0 0 7 0.182136
0 0 8 0.203114
0 0 9 0.180705
0 0 10 0.167825
0 0 11 0.175102
0 0 12 0.15181
0 0 13 0.127117
0 0 14 0.176929
0 0 15 0.212705
0 0 16 0.234627
0 0 17 0.202687
0 0 18 0.152297
0 0 19 0.152267
0 0 20 0.103277
0 0 21 0.139144
0 0 22 0.156286
0 0 23 0.190265
0 0 24 0.156073
0 0 25 0.121515
0 0 26 0.101846
0 0 27 0.114543
0 0 28 0.0960003
0 0 29 0.105104
0 0 30 0.11777
0 0 31 0.180522
0 0 32 0.193188
0 0 33 0.182501
0 0 34 0.143924
0 0 35 0.127787
0 0 36 0.0947824
0 0 37 0.0659792
0 0 38 0.0502989
0 0 39 0.0980707
0 0 40 0.114908
0 0 41 0.113233
0 0 42 0.119049
0 0 43 0.138961
0 0 44 0.159026
0 0 45 0.151079
0 0 46 0.178177
0 0 47 0.226315
0 0 48 0.252925
0 0 49 0.266901
0 0 50 0.223331
0 0 51 0.212522
0 0 52 0.187677
0 0 53 0.184602
0 0 54 0.127757
0 0 55 0.10553
0 0 56 0.119384
0 0 57 0.14977
0 0 58 0.125808
0 0 59 0.0933513
0 0 60 0.10821
0 0 61 0.146512
0 0 62 0.196354
0 0 63 0.202413
0 0 64 0.199582
0 0 65 0.171449
0 0 66 0.156286
0 0 67 0.166516
0 0 68 0.179334
0 0 69 0.207011
0 0 70 0.200556
0 0 71 0.203844
0 0 72 0.159696
0 0 73 0.165785
0 0 74 0.128975
0 0 75 0.144807
0 0 76 0.125047
0 0 77 0.18314
0 0 78 0.232465
0 0 79 0.276035
0 0 80 0.302159
0 0 81 0.301367
0 0 82 0.338848
0 0 83 0.382418
0 0 84 0.454913
0 0 85 0.466909
0 0 86 0.474033
0 0 87 0.45199
0 0 88 0.506094
0 0 89 0.587175
0 0 90 0.722574
0 0 91 0.831332
0 0 92 0.898438
0 0 93 0.90197
0 0 94 0.938141
0 0 95 0.947367
0 0 96 0.997665
0 0 97 0.962042
0 0 98 0.925445
0 0 99 0.857486
0 0 100 0.819214
0 0 101 0.757193
0 0 102 0.677269
0 0 103 0.571191
0 0 104 0.503933
0 0 105 0.401569
0 0 106 0.318996
0 0 107 0.293938
0 0 108 0.31315
0 0 109 0.28998
0 0 110 0.240168
0 0 111 0.203936
0 0 112 0.176807
0 0 113 0.164811
0 0 114 0.13616
0 0 115 0.161036
0 0 116 0.12459
0 0 117 0.126904
0 0 118 0.148004
0 0 119 0.121058
0 0 120 0.124377
0 0 121 0.0838518
0 0 122 0.123311
0 0 123 0.112685
0 0 124 0.131654
0 0 125 0.137013
0 0 126 0.156103
0 0 127 0.13884
0 0 128 0.141154
0 0 129 0.07216
0 0 130 0.0580325
0 0 131 0.00344056
0 0 132 0.034923
0 0 133 0.0611686
0 0 134 0.0951173
0 0 135 0.122063
0 0 136 0.142493
0 0 137 0.13476
0 0 138 0.124012
0 0 139 0.0801372
0 0 140 0.0891192
0 0 141 0.114086
0 0 142 0.128244
0 0 143 0.126691
0 0 144 0.101785
0 0 145 0.0782495
0 0 146 0.100872
0 0 147 0.144381
0 0 148 0.160092
0 0 149 0.152998
0 0 150 0.149192
0 0 151 0.16545
0 0 152 0.142371
0 0 153 0.117953
0 0 154 0.116887
0 0 155 0.164994
0 0 156 0.181862
0 0 157 0.196842
0 0 158 0.158965
0 0 159 0.112046
0 0 160 0.101603
0 0 161 0.147974
0 0 162 0.20287
0 0 163 0.187738
0 0 164 0.157595
0 0 165 0.119475
0 0 166 0.0629954
0 0 167 0.0281028
0 0 168 0.0585805
0 0 169 0.129614
0 0 170 0.176077
0 0 171 0.185485
0 0 172 0.194071
0 0 173 0.185728
0 0 174 0.131715
0 0 175 0.150014
0 0 176 0.157595
0 0 177 0.162619
0 0 178 0.142889
0 0 179 0.144107
0 0 180 0.154763
0 0 181 0.163898
0 0 182 0.152663
0 0 183 0.163867
0 0 184 0.119962
0 0 185 0.148826
0 0 186 0.157443
0 0 187 0.162436
0 0 188 0.138139
0 0 189 3.04878e-05
0 0 190 3.04878e-05
0 0 191 3.04878e-05
0 0 192 3.04878e-05
0 0 193 3.04878e-05
0 0 194 3.04878e-05
0 0 195 3.04878e-05
0 0 196 3.04878e-05
0 0 197 3.04878e-05
0 0 198 3.04878e-05
0 0 199 3.04878e-05
0 0 200 3.04878e-05
0 0 201 3.04878e-05
0 0 202 3.04878e-05
0 0 203 3.04878e-05
0 0 204 3.04878e-05
0 0 205 3.04878e-05
0 0 206 3.04878e-05
0 0 207 3.04878e-05
0 0 208 3.04878e-05
0 0 209 3.04878e-05
0 0 210 3.04878e-05
0 0 211 3.04878e-05
0 0 212 3.04878e-05
0 0 213 3.04878e-05
0 0 214 3.04878e-05
0 0 215 3.04878e-05
0 0 216 3.04878e-05
0 0 217 3.04878e-05
0 0 218 3.04878e-05
0 0 219 3.04878e-05
0 0 220 3.04878e-05
0 0 221 3.04878e-05
0 0 222 3.04878e-05
0 0 223 3.04878e-05
0 0 224 3.04878e-05
0 0 225 3.04878e-05
0 0 226 3.04878e-05
0 0 227 3.04878e-05
0 0 228 3.04878e-05
0 0 229 3.04878e-05
0 0 230 3.04878e-05
0 0 231 3.04878e-05
0 0 232 3.04878e-05
0 0 233 3.04878e-05
0 0 234 3.04878e-05
0 0 235 3.04878e-05
0 0 236 3.04878e-05
0 0 237 3.04878e-05
0 0 238 3.04878e-05
0 0 239 3.04878e-05
0 0 240 3.04878e-05
0 0 241 3.04878e-05
0 0 242 3.04878e-05
0 0 243 3.04878e-05
0 0 244 3.04878e-05
0 0 245 3.04878e-05
0 0 246 3.04878e-05
0 0 247 3.04878e-05
0 0 248 3.04878e-05
0 0 249 3.04878e-05
0 0 250 3.04878e-05
0 0 251 3.04878e-05
0 0 252 3.04878e-05
0 0 253 3.04878e-05
0 0 254 3.04878e-05
0 0 255 3.04878e-05
0 0 256 3.04878e-05
0 0 257 3.04878e-05
0 0 258 3.04878e-05
0 0 259 3.04878e-05
